x y theta v w
-0 0 0 0 0
0 0 0.35 0 3.5
0.0432998 0.0158057 0.558827 0.460944 2.08827
0.0849615 0.0418574 0.559769 0.491364 0.00941927
0.124781 0.0668097 0.561126 0.469919 0.0135635
0.164419 0.0917226 0.563035 0.468165 0.0190957
0.203813 0.116588 0.565509 0.46585 0.024737
0.242901 0.141395 0.568561 0.462955 0.0305199
0.281621 0.166135 0.572209 0.459487 0.0364796
0.319911 0.190797 0.576474 0.455453 0.0426537
0.357711 0.215372 0.581383 0.450864 0.0490829
0.394961 0.239851 0.586964 0.445732 0.0558111
0.431602 0.264223 0.593252 0.440068 0.0628868
0.467577 0.28848 0.600289 0.433889 0.0703632
0.502829 0.312613 0.608119 0.427208 0.0782996
0.537303 0.336611 0.616795 0.420045 0.0867622
0.570946 0.360466 0.626377 0.412418 0.0958254
0.603704 0.384169 0.636935 0.404348 0.105573
0.635528 0.407713 0.648545 0.39586 0.116099
0.666369 0.431087 0.661296 0.386978 0.127513
0.696179 0.454285 0.675289 0.37773 0.139934
0.724914 0.477299 0.69064 0.368147 0.153504
0.75253 0.500121 0.707478 0.358262 0.16838
0.778987 0.522745 0.725952 0.34811 0.184742
0.804245 0.545166 0.746232 0.337734 0.202796
0.828268 0.567377 0.768509 0.327175 0.222772
0.851021 0.589375 0.793002 0.316484 0.24493
0.872474 0.611156 0.819958 0.305714 0.269558
0.892595 0.632718 0.849655 0.294926 0.296971
0.911358 0.654062 0.882405 0.284187 0.327504
0.928738 0.675189 0.918555 0.273572 0.361501
0.944712 0.696104 0.958484 0.263165 0.399292
0.959256 0.716812 1.0026 0.253058 0.441155
0.972352 0.737324 1.05133 0.243356 0.487263
0.983976 0.757652 1.10509 0.234171 0.537601
0.994108 0.777811 1.16427 0.225626 0.591855
1.00272 0.797821 1.2292 0.217849 0.649272
1.00979 0.817699 1.30005 0.210968 0.708513
1.01528 0.837462 1.3768 0.205108 0.767526
1.01914 0.857124 1.45915 0.200376 0.823502
1.02133 0.876687 1.54645 0.196852 0.873
1.0218 0.896139 1.63768 0.194579 0.912296
1.02051 0.915451 1.73148 0.193556 0.937959
1.01741 0.934576 1.82623 0.19374 0.947536
1.01248 0.953449 1.92024 0.195056 0.940117
1.00572 0.971997 2.0119 0.197411 0.916561
0.997155 0.990147 2.09983 0.200712 0.879289
0.986815 1.00783 2.183 0.204877 0.831715
0.974757 1.02501 2.26076 0.20983 0.777566
0.96104 1.04163 2.33279 0.215507 0.720302
0.945724 1.05768 2.39906 0.221841 0.662755
0.92887 1.07314 2.45976 0.228762 0.607006
0.910531 1.08803 2.5152 0.236196 0.554416
0.890759 1.10234 2.56578 0.244063 0.505757
0.869598 1.11607 2.61192 0.252281 0.461358
0.847095 1.12925 2.65404 0.260768 0.421246
0.82329 1.14187 2.69257 0.269445 0.385257
0.798225 1.15395 2.72788 0.278235 0.353118
0.77194 1.16549 2.76033 0.287067 0.324505
0.744477 1.1765 2.79024 0.295876 0.299081
0.715878 1.18698 2.81789 0.304601 0.276514
0.686185 1.19695 2.84354 0.313187 0.256495
0.655445 1.20639 2.86741 0.321584 0.238741
0.623702 1.21532 2.88971 0.329746 0.222998
0.591004 1.22373 2.91062 0.337631 0.209041
0.557401 1.23163 2.93028 0.345204 0.196672
0.522942 1.23903 2.94886 0.35243 0.185719
0.487679 1.24591 2.96646 0.359278 0.17603
0.451666 1.25228 2.98321 0.365721 0.167476
0.414958 1.25814 2.9992 0.371736 0.159945
0.37761 1.2635 3.01453 0.377299 0.153339
0.339679 1.26834 3.02929 0.382391 0.147576
0.301223 1.27268 3.04355 0.386995 0.142586
0.262302 1.27651 3.05738 0.391096 0.138307
0.222973 1.27983 3.07085 0.394681 0.13469
0.183299 1.28264 3.08402 0.397738 0.131694
0.14334 1.28494 3.09695 0.400257 0.129282
0.103157 1.28674 3.10969 0.402232 0.12743
0.0628116 1.28803 3.1223 0.403656 0.126115
0.0223666 1.28881 3.13483 0.404526 0.125323
-0.0181163 1.28908 3.14734 0.404838 0.125047
-0.0585749 1.28885 3.15987 0.404593 0.125282
-0.0989473 1.28811 3.17247 0.403791 0.126031
-0.139172 1.28687 3.1852 0.402435 0.127303
-0.179187 1.28512 3.19811 0.40053 0.129112
-0.218931 1.28287 3.21126 0.398081 0.131477
-0.258345 1.28012 3.2247 0.395098 0.134426
-0.297369 1.27687 3.2385 0.391589 0.137991
-0.335944 1.27312 3.25272 0.387567 0.142214
-0.374012 1.26887 3.26744 0.383046 0.147145
-0.411517 1.26413 3.28272 0.378041 0.152843
-0.448404 1.25889 3.29866 0.372572 0.159377
-0.484618 1.25315 3.31534 0.366658 0.16683
-0.520108 1.24692 3.33287 0.360325 0.175297
-0.554823 1.2402 3.35136 0.353597 0.18489
-0.588714 1.23299 3.37093 0.346506 0.195736
-0.621735 1.22528 3.39173 0.339083 0.207984
-0.65384 1.21707 3.41391 0.331367 0.221806
-0.684988 1.20838 3.43765 0.323399 0.237396
-0.715139 1.19918 3.46315 0.315226 0.254978
-0.744256 1.18948 3.49063 0.3069 0.274804
-0.772304 1.17927 3.52035 0.29848 0.297153
-0.799252 1.16855 3.55258 0.290032 0.322334
-0.82507 1.1573 3.58765 0.281631 0.350676
-0.849731 1.1455 3.6259 0.273358 0.382518
-0.873211 1.13315 3.66772 0.265306 0.418184
-0.895485 1.12021 3.71351 0.257576 0.457955
-0.91653 1.10667 3.76371 0.250278 0.502005
-0.93632 1.09248 3.81875 0.243531 0.550327
-0.954826 1.0776 3.87901 0.237453 0.602621
-0.972011 1.06199 3.94482 0.232166 0.658156
-0.987828 1.0456 4.01639 0.227776 0.715625
-1.00221 1.02838 4.09369 0.22437 0.773008
-1.01509 1.01029 4.17644 0.221998 0.827531
-1.02636 0.991322 4.26402 0.220664 0.875775
-1.03591 0.971468 4.35542 0.22032 0.914016
-1.04363 0.950773 4.4493 0.220869 0.938788
-1.0494 0.929319 4.54406 0.222184 0.947568
-1.05316 0.907222 4.63799 0.22414 0.939355
-1.05484 0.884621 4.72948 0.226639 0.914919
-1.05445 0.86166 4.81714 0.229639 0.876606
-1.05201 0.838473 4.89992 0.233146 0.827795
-1.04759 0.815169 4.97714 0.237207 0.772209
-1.04126 0.791824 5.04848 0.241876 0.713327
-1.03311 0.768487 5.11388 0.247199 0.654018
-1.02321 0.745181 5.17352 0.253194 0.596395
-1.01165 0.72191 5.2277 0.259849 0.541851
-0.998488 0.698666 5.27682 0.267127 0.49118
-0.983779 0.675435 5.32129 0.274967 0.444726
-0.967576 0.652197 5.36155 0.283297 0.402524
-0.949922 0.628933 5.39799 0.292035 0.364413
-0.930858 0.605627 5.431 0.301099 0.330121
-0.910423 0.582262 5.46093 0.310408 0.29932
-0.888652 0.558825 5.4881 0.319883 0.271668
-0.865584 0.535304 5.51278 0.329451 0.246826
-0.841253 0.511692 5.53523 0.339045 0.22448
-0.815697 0.487983 5.55566 0.348601 0.204337
-0.788957 0.464171 5.57428 0.358061 0.186137
-0.76107 0.440254 5.59124 0.367375 0.169646
-0.73208 0.416233 5.60671 0.376493 0.154657
-0.702029 0.392106 5.62081 0.385372 0.140987
-0.670963 0.367877 5.63365 0.393972 0.128478
-0.638929 0.343548 5.64535 0.402257 0.116988
-0.605975 0.319123 5.65599 0.410194 0.106394
-0.57215 0.294606 5.66565 0.417751 0.0965873
-0.537508 0.270003 5.6744 0.424903 0.087472
-0.5021 0.24532 5.68229 0.431623 0.0789637
-0.465981 0.220563 5.68939 0.437888 0.0709872
-0.429208 0.195738 5.69574 0.443679 0.0634759
-0.391837 0.170855 5.70138 0.448975 0.0563699
-0.353927 0.145919 5.70634 0.453759 0.0496154
-0.315537 0.120939 5.71065 0.458018 0.0431638
-0.276726 0.0959242 5.71435 0.461736 0.0369705
-0.237557 0.0708823 5.71745 0.464902 0.0309949
-0.19809 0.0458223 5.71997 0.467506 0.0251991
-0.158389 0.0207533 5.72193 0.469539 0.0195476
-0.118515 -0.00431544 5.72333 0.470993 0.014007
-0.0785328 -0.0293745 5.72418 0.471862 0.00854534
-0.0385053 -0.0544142 5.72449 0.472143 0.0031315
0.00150351 -0.0794248 5.72427 0.47183 -0.00226485
0.0414298 -0.104396 5.7235 0.470923 -0.00767384
0.0812096 -0.129319 5.72219 0.469422 -0.0131258
0.120779 -0.154182 5.72032 0.467325 -0.0186516
0.160075 -0.178976 5.71789 0.464637 -0.024283
0.199034 -0.203689 5.71489 0.461359 -0.0300534
0.237592 -0.228311 5.71129 0.457497 -0.0359976
0.275689 -0.252832 5.70707 0.453055 -0.0421533
0.313261 -0.27724 5.70222 0.448042 -0.0485606
0.350248 -0.301523 5.69669 0.442465 -0.0552633
0.38659 -0.325672 5.69046 0.436333 -0.0623094
0.422226 -0.349674 5.68349 0.429658 -0.0697518
0.4571 -0.373517 5.67572 0.42245 -0.0776492
0.491153 -0.397189 5.66711 0.414724 -0.0860674
0.524329 -0.420677 5.65761 0.406492 -0.0950798
0.556573 -0.443969 5.64713 0.397772 -0.104769
0.587832 -0.467052 5.63561 0.388579 -0.11523
0.618054 -0.489911 5.62295 0.378932 -0.126568
0.647187 -0.512533 5.60906 0.368851 -0.138905
0.675184 -0.534902 5.59382 0.358355 -0.152378
0.701996 -0.557003 5.57711 0.347469 -0.167143
0.727579 -0.578818 5.55877 0.336216 -0.18338
0.75189 -0.600331 5.53864 0.324623 -0.201291
0.774887 -0.621522 5.51653 0.312718 -0.221105
0.796532 -0.642371 5.49222 0.300533 -0.243079
0.816791 -0.662856 5.46547 0.288102 -0.267499
0.835629 -0.682953 5.436 0.275464 -0.294678
0.85302 -0.702638 5.40351 0.262662 -0.32495
0.868939 -0.721881 5.36764 0.249747 -0.358659
0.883367 -0.740655 5.32803 0.236776 -0.396136
0.896292 -0.758928 5.28426 0.22382 -0.437667
0.90771 -0.776668 5.23592 0.210961 -0.483435
0.917624 -0.793842 5.18257 0.198302 -0.533443
0.926049 -0.81042 5.12383 0.185968 -0.587405
0.933012 -0.826379 5.05937 0.174115 -0.644611
0.938553 -0.841701 4.989 0.162932 -0.703772
0.942722 -0.856386 4.91271 0.152648 -0.762896
0.945578 -0.870452 4.83078 0.143531 -0.819233
0.947183 -0.883944 4.74384 0.135874 -0.869383
0.947591 -0.896936 4.65288 0.12998 -0.909625
0.946841 -0.909526 4.55923 0.126126 -0.936481
0.944942 -0.921832 4.46449 0.124516 -0.947396
0.941869 -0.933973 4.37036 0.125246 -0.941321
0.937566 -0.946058 4.27846 0.128275 -0.91898
0.931956 -0.958164 4.1902 0.133433 -0.882684
0.924951 -0.970337 4.10662 0.14044 -0.835793
0.916469 -0.982583 4.02841 0.148966 -0.782035
0.906444 -0.99488 3.95592 0.158665 -0.724905
0.894829 -1.00719 3.88919 0.169219 -0.667295
0.881603 -1.01945 3.82806 0.180356 -0.611343
0.866763 -1.03161 3.77221 0.191856 -0.558467
0.850324 -1.04361 3.72126 0.203544 -0.509478
0.832312 -1.0554 3.67479 0.215289 -0.464735
0.812764 -1.06694 3.63236 0.226988 -0.424286
0.791723 -1.07818 3.59356 0.238564 -0.387977
0.769238 -1.0891 3.55801 0.249954 -0.355543
0.745358 -1.09966 3.52534 0.261109 -0.326662
0.720138 -1.10985 3.49524 0.271988 -0.300996
0.693631 -1.11963 3.46742 0.282554 -0.278214
0.665893 -1.129 3.44162 0.292778 -0.258003
0.636982 -1.13795 3.41761 0.302632 -0.240078
0.606954 -1.14645 3.3952 0.312091 -0.224184
0.575869 -1.15451 3.37419 0.321131 -0.210092
0.543783 -1.16211 3.35443 0.329731 -0.197603
0.510758 -1.16925 3.33577 0.337873 -0.186543
0.476854 -1.17591 3.3181 0.345539 -0.176758
0.442131 -1.18211 3.30128 0.35271 -0.168118
0.406651 -1.18782 3.28523 0.359373 -0.160509
0.370476 -1.19305 3.26985 0.365513 -0.153833
0.333669 -1.1978 3.25505 0.371118 -0.148006
0.296293 -1.20206 3.24075 0.376175 -0.142956
0.258413 -1.20583 3.22689 0.380675 -0.138623
0.220092 -1.20911 3.2134 0.384608 -0.134955
0.181395 -1.21189 3.20021 0.387968 -0.13191
0.165895 -1.2128 3.18726 0.155262 -0.129454
0.16588 -1.2128 3.1745 0.000157554 -0.127557
0.16588 -1.2128 3.16188 1.43141e-08 -0.1262
0.16588 -1.2128 3.14935 9.61032e-08 -0.125368
0.16588 -1.2128 3.13684 2.17766e-07 -0.12505
0.16588 -1.2128 3.12432 3.18601e-07 -0.125245
0.16588 -1.2128 3.11172 3.79621e-07 -0.125953
0.16588 -1.2128 3.099 4.06298e-07 -0.127183
0.16588 -1.2128 3.08611 4.09254e-07 -0.128948
0.16588 -1.2128 3.07298 3.97497e-07 -0.131268
0.165879 -1.2128 3.05957 3.77317e-07 -0.134169
0.165879 -1.2128 3.0458 3.52752e-07 -0.137683
0.165879 -1.2128 3.03161 3.26278e-07 -0.141852
0.165879 -1.2128 3.01694 2.99343e-07 -0.146725
0.165879 -1.2128 3.0017 2.7275e-07 -0.152359
0.165879 -1.2128 2.98582 2.46893e-07 -0.158824
0.165879 -1.2128 2.9692 2.21909e-07 -0.166201
0.165879 -1.2128 2.95174 1.97776e-07 -0.174583
0.165879 -1.2128 2.93333 1.74362e-07 -0.184082
0.165879 -1.2128 2.91385 1.51465e-07 -0.194822
0.165879 -1.2128 2.89316 1.28823e-07 -0.206953
0.165879 -1.2128 2.87109 1.0612e-07 -0.220642
0.165879 -1.2128 2.84748 8.29852e-08 -0.236083
0.165879 -1.2128 2.82213 5.89823e-08 -0.253498
0.165879 -1.2128 2.79482 3.35897e-08 -0.273134
0.165879 -1.2128 2.76529 6.17787e-09 -0.295271
0.165879 -1.2128 2.73327 -2.40264e-08 -0.320214
0.165879 -1.2128 2.69844 -5.7987e-08 -0.348291
0.165879 -1.2128 2.66046 -9.69236e-08 -0.379841
0.165879 -1.2128 2.61894 -1.42399e-07 -0.415192
0.165879 -1.2128 2.57348 -1.96444e-07 -0.454627
0.165879 -1.2128 2.52364 -2.61728e-07 -0.498334
0.165879 -1.2128 2.46901 -3.41817e-07 -0.546324
0.165879 -1.2128 2.40918 -4.41556e-07 -0.598324
0.165879 -1.2128 2.34382 -5.67711e-07 -0.653644
0.165879 -1.2128 2.27271 -7.301e-07 -0.711025
0.16588 -1.2128 2.19586 -9.43875e-07 -0.76851
0.16588 -1.2128 2.11352 -1.23479e-06 -0.82338
0.16588 -1.2128 2.0263 -1.65354e-06 -0.872259
0.16588 -1.2128 1.93516 -2.32475e-06 -0.911429
0.16588 -1.2128 1.84142 -3.69053e-06 -0.937379
0.16588 -1.2128 1.74667 -9.53495e-06 -0.94749
0.139634 -1.06511 1.65261 1.50008 -0.940625
0.127372 -0.915555 1.56086 1.50053 -0.917412
0.127772 -0.875255 1.47286 0.403025 -0.880091
0.119895 -0.955425 1.38966 -0.805566 -0.831979
0.106528 -1.02841 1.31198 -0.74199 -0.776799
0.0893948 -1.09312 1.24017 -0.669418 -0.718065
0.0859055 -1.10329 1.1743 -0.107484 -0.658703
0.0859009 -1.1033 1.11421 -0.000118901 -0.600885
0.0859009 -1.1033 1.05961 -1.05944e-07 -0.54606
0.0859009 -1.1033 1.0101 -1.99581e-07 -0.495063
0.0859009 -1.1033 0.965273 -2.23462e-07 -0.448268
0.0859008 -1.1033 0.9247 -1.99347e-07 -0.405731
0.0859008 -1.1033 0.88797 -1.53983e-07 -0.367304
0.0859008 -1.1033 0.854698 -1.02281e-07 -0.332719
0.0859008 -1.1033 0.824532 -5.10907e-08 -0.301653
0.0859008 -1.1033 0.797156 -3.23266e-09 -0.273762
0.0859008 -1.1033 0.772285 4.02217e-08 -0.248709
0.0859008 -1.1033 0.749668 7.87763e-08 -0.226175
0.0859008 -1.1033 0.729081 1.11878e-07 -0.205867
0.0859009 -1.1033 0.710329 1.38516e-07 -0.187521
0.0859009 -1.1033 0.693239 1.56909e-07 -0.170901
0.0859009 -1.1033 0.677659 1.64283e-07 -0.1558
0.0859009 -1.1033 0.663456 1.56954e-07 -0.142031
0.0859009 -1.1033 0.650512 1.31401e-07 -0.129435
0.0859009 -1.1033 0.638725 8.78469e-08 -0.117869
0.0859009 -1.1033 0.628005 3.6491e-08 -0.107208
0.0859009 -1.1033 0.61827 6.51083e-09 -0.0973417
0.0859009 -1.1033 0.609453 1.56834e-10 -0.0881746
0.090451 -1.10012 0.601491 0.0554914 -0.0796208
0.119672 -1.08007 0.59433 0.354409 -0.0716045
0.150224 -1.05942 0.587925 0.368757 -0.0640584
0.182005 -1.03824 0.582232 0.381943 -0.0569222
0.21493 -1.01656 0.577218 0.394192 -0.0501416
0.248914 -0.994429 0.572851 0.405546 -0.0436675
0.283876 -0.971878 0.569106 0.416042 -0.0374552
0.319738 -0.948937 0.56596 0.425714 -0.0314637
0.356421 -0.925633 0.563394 0.434594 -0.0256549
0.39385 -0.90199 0.561395 0.442714 -0.0199932
0.431952 -0.878028 0.55995 0.450102 -0.014445
